27

9919999999 9999999 999999. 9.- 9999999 99999999 999 999999999999 99999 999 9999999999· 999 9999199
999 99999999 4) a. 99999919 99999 9999999999991999919 99991999999199999919999919919 99999919 99 9999999999
b. 99999999 999 999 99999, 919 999 99 ι999 99991999 19999999 (9999999999). 9999999199 99999999 9999999999
’99999999 9119 99999 999 99999919 999 99999919. 9) 999919 99 91119 99919999(99999999999919999999 9999199999). 9)
, a 9999 9999, 9999 99999. b. 999 999 999999 999 999 999999 9999999919. 8) a 9999999991999999 999 999999 999

,919999 9999999 9999999 999 91199999 999 ζ,9999999 9) 9 99999 99 99 9999119, 999 999999 999919 99999 9999 9999
9999991199 9999 99999999 9999 beben. (19999999 9999919 10. 9 9. b 9199999999 9999119999 9 99 99999999 999 99999 199
999999999999999919. 119 99999999 9999 999999,99999111199999,9199999 9919 bobba ab( 9991 999 9 99 99 ’19
999 99999 99999999 999 99999999 (99991999). lb) 9919 9999 9199 99999 9999999 ἰ999 9999999 919 9999999999 (9199
9999999999999 99 999999). 99999999. · ’ , ·; 1 ·

9999999911 1)9. 999( 99 9199999999 b 999-9999911999199119199999 91· 9999999 1999 199119 bb ·

799999999999Η9109111119.9)999999999999991199999999999999999999999999999.9,.99999199999991999

999999 199 bess. 9)9 99999 9999999 999 99 9919 9999199999 999999 999 9919 999919 9999. 9999999999 999
9999999 99 9991999999 99999 919 999 99999999 999 9999199 9919991999 99999 99999 999999 5. a„ 39999999 99999
9999999999 9199919999 99 99999999 9191999 11199. bb 9911999999, (1199911191, 1119911119 119 91919199 bamb
9199 9919 9999999. 9) a bb 9919999 9919 999 9991919199 19 99999999 9999919999 9.9991999919999911999999999
9999999999999999911999999 9991 9999991999919 91911991 7)· a. 9991199 9111199199 99199999 bt 'eb' (19119
19911 999 11919999 1999 999999 99999 99 99999999 9 999999 ib 999 9999999 999 9199999199 99 9119919999 ,9) (919-
1111911 1111111199, (19191111911919111919999(Ρὸ91119.) 9991999

0. 999999 9 Β 1) 3999999999 999999 9919919 999999 999 99999999999919 9999 991, 1919 bb! 9999 199 99919 .
1999 9919999919 999 9999199911. 9)9 99999999 91119999 99999 999 9999999 9919999999 999999 9999 99911999 999 99999 ,
999 ’,919999 99999999, 9119 9999991199 999 9999999999 999999 999999 9999 9999 b 1119191999 19919191, 11111199 ib
9999999999991999999 9999999919999999999999 3) 9 999 99999999 9999999999. 99,· bb 99919999 919 99919
·119.1.)11 999 9919999 99, 9919999999 99999 abab 9999999999 99 99999999 bb 9999199919 99991999 919999 99999
’ 999 ’1911 919 99 999991999999999911999.9999999999999999999999999 991999, 9999999999, 99999 (99999
9999999999. b. 9999991999 99191999, 9999 99999999,- b 999999 1991911 99999 VH. 19 99999999 3919999919 999
99199119. 6)11 9999999999999999199919999ι99991119199919999999 b. bbbbb 99999 999999999999919 91999999
99999999 c. bbbtin 999 99 999999 9999199 999 999199999999999199999999999999 999 999 9999999999 99 99999 9919
9999 1)9. 99999 9991 9911999999 9199 9999 999999 999 99 9999 9999991999 99999· b 9999999 9999999 9999999999
. 99999999· 199 3999199999919999 9999999999 9991999999 99 9999999 91 999119 99 59999999 99 9999 9999999999

9999 999 9999 9999999 b 999999999999911999999199919911999999. , - .

111. 9999999999999 9991999911991199999919 zi. 9191919199.’1)99991999999199919199999’999 .
9199991 9999999999 999, 999 999 99999 9999999999 9199999999 99999999 9911999999 99999191999999199991999999999
99999999 9999 999 99999 99919999999999 9999119. 9999999, 99 199999 9999999919 919999 9999 9999999991· 1191999 99 99999

, 99999911 91999. b) >3¹¹ 999919 99999 99 99 99999 199999, 99999 99999919999999 ,999 9999 h 99999999 9 9 99999999

199999 99999 9999999, 999 9999 199999 99 9919999999 9 91999 99999999991999 999999 999999 9999999 9991 ’9991991999
999999999999999199999999991999999911919 9999999999 999 999 9119999999 999199999999999, 99999 (99999119
99199999919999 1911999 91991, 999 99999 9999999999 999999 99 999999999999999 999 9199991199 1999919 9999999 bu

9919991999 999999 (9999911199 999999ΡΤ999 ω’ἔ’;”91991ἀ’9’1’9(’1’ Τ’ξ’0.ἀ ÷ sin β 99999199 9999999 auf
.- 1111 ⁰² · ’

,1. ’19999999 b b 9,,...9999999999919999999999 99,.. 999919 9999·
99999999- b. 9·999999 Ι1) bl 9999999999199999999919991 99· 991199 99999999999199 99 999 9999999999-

bb 9991 9999991 999999, 9999 99 999999 99999199999999999999919999999999199999(9-9ί-.’3“)’19919999999999999999
b) (9999999 999 99919 9999 99999919 99999999 999 911999. bbg 999( 99919999 9999999, 999 119991 99999999999919199919,
99999 99999 99999199 999 9999999999 999, 9999 9999 9999999 99999999 99919, ’999 9999999991 ,99999 ’9999 99199199 999

abbe 19, 999 999999 999999 999999 99999999 9999999999999 91199999 99999 9911 membbmbssbstbbn¹fflbbub
9999 9 1, 99

491

39919 9999999 9999 999199 999 999919 9119 9991199 ’9199999991 91999999· 9,99’9999199· 999 99

 

