Q

) 6111111111111 6111111111 361. 611 6111111111 111611111111111 111 11111 111111 1
111111311111111111 11111 611111111611111111111111.1116111111 1111111111 1111111111 1111 6111111
11111111111111 1111111611111111111111111111,111 1111111111111111111116111111111. 6111
1111111 ·

1)11111111111111161.11”11111’1111 6611111111 1111111111 611111 111 1111111111
6111111111;11111111111111611111111111111111111611111111111 1611111111 11161111111111111
111611111111111.111111111 6111, ,. “

11611111 2 61. a 6111111116 1111111111 1116 11111; 1111111111 111111111611.1111 11611 ’
1111111111 1111111111 611111.1 QIQ: ·

61111111 A. 6111111111. 1111111111 Dr 61111111. -
6111111111 2 61 6111111111 1111 61111111Β. 611 611611111111· 6111111111 11· Q
1111116111 1111111111611111111111116111116111111111611111111111111111. 6111 611111
1111111111 111 6111111111 111 1111111111 611111· 11 111 1111111 6616111111111 6111111111 111 6111 ¹
1111111111.11111111111111111 611111111111611111.. ,.
)6111111261. 611 6111111111116111· 11111111 1111 6111111111 6111111111 611 6111111 - · ’

1111111111 6111111 6111111111 1111 61111111. 61111111111111111 Q 61111, 11111 11111111. 611
11111. 2 .
66111111 1061. 6111161161.(1111101111181Μ1111,111 11111111, [111 1111111111.
iij 23„ 6111-111. 461. 61111111111111111181111.Αοιι.1.111 Il 1111 1111161611 6111111611,
1111111111 11 6111111111 3 616111111111111111111111111111111111111161161111111111111.1111111111, 111111
1111111111 1111111111 6111161111111611111111111 11111 61111111,1111 1111111111 6111 6111111111-

1111 1111111 1111111111 1111111, 111 61111111. 361. 611111111111116111111, [1111161611 ·
6 11111. ; . ,, .
”’4) 6111111111 ,6 61.,6111111111111 1111101111. Μ111111. HQ 8911111111111111111111

in Philon de 1111111111. 14111111 61111111.Ι 6111111111111 3 61.· 6111111111 61111111
11111111611111111616111111.61111111111161112611Η1ω1101ΧΧΠ-ΧΧ111
QHQ ‚XIQ XIV 11111 ’1111 11161111 1111111 1111111111 611 61111111 61111111. 611 611111·
111511. . 2
6611111 {Q 6 61 11111111111111611111111111611111111111111’11)’1Ρ111Ῡ,Βι·έ
111111 ΙΙ. ’11Ἀ11111111Ϊ6111111111 11111 Qu ’111146111111161111111111 11111111
6161111116 1111 6111111 11 131 61 611 ’11111111 6111111111 111111111111113111111
11111111 111111111111111111111111111111111111..1111111111 1111111111111111111111 11111111 1111
Qne8 1111111111 11111111116111111111 11111111 6111111111. .

1161111111114 61. 6111111116 1111 6111111Β a 6111111111. b 11111111 6111
11111111111111611111 11111 6111111111 1111 6111111111. 1111111111 61111 1 .
8111111111 61 61111111111116111111Β.1.611111116111111111111.1111111111111

11111111 111 11111111. 6111

61.·1111111Β61111111111161111111111111 6111111111
1161111111 2 61.. 6111111111 11111 6111111111.
1161111111 2 61. 611 6111111161 11111111 111 61111111 11111 61111111 6111 6111111
1111111111 11111111 111 11111111 6111. 611111111161116111111 1161116166111111111 111111-

 

