23

4)(11111111661.1111111111111111111111111111111111111111111141111
11111111111111111111111111111-1-111111 111111111111111611111 111 1111 11111111 111 1111111111
1111511111111111111111111 11111111. ’ s

511111111112 61 111111111111111111111111611111111111111111111111 111
11111111 111111 1111111111 111 11111111111111111111111111111.11111111 111111111111111.

11111 14 1111 111 1111111111 11111111111111. 3111111111.
’ 6) 11111111· 261. ’11111111 111 11111111111111 6111111111 1111111111111111111
1111111111111 11111111 111 11111, 1111111111 111 111111111111111. 8111111111. ‚
7) 1111111111 1 61 11111111111111111111 6111111111. 3111111111. ,
8)1]111111111111 2 61· 111111111111111111111111111111111111111,1111111111 1111.

6111111161 11111111111111 6111111111 111 1111111111 11111111111111111111111
111111 1111.

11311111112611111111111111111111.111611111161111111111111111111111111.

16111111Β 611111111111111111111111101 11111111
1) 1111111112 61 111 6111111111 11111111 111 111111 1111111111 111111 1111111111
11111ῦ11ἓῗ1ΐ1ἇ1ῴ2η11511111ὃ11ἐ 1111111111 1111111111111111111111111. 6111111111 1111111111111111

2611111361.1111111111111111111111111111111111111111111111111111. 611 ι

11111 1111111111111,1111111111111111111111111111,11111111111111116111. 6111111111111.
1111411111111111111. 61111111. . ⁴

3. 1111111111 9 61 11111111 111 011111111Ν11111 1111111111, 1111111111, 1111111111,
1111111111111111, 1111111111111111111. 1111111111(1111111111)111611111111111111111 111
111111 111 1111111 111 6111111111111111, 11111 1111 11111111111111111111 1111 11111111
11111111. 1111111111 111 11111111 - 11111111 11111111 111 61111111 Tirocinium. 11111111 υ
ἱ 111 111111111111111111111111111111111111. 11111111111111111111111. 2 61. 1111111111.

)11111111661.11111111111111111111111111111111111111 11111ιρ1111 1111111111
1111111111 1111 14 1111 111 1111111111111111111111111.111111111111111111111116111111 111
11111111111111111111111111111. 1111111.

)11111111)1 2 61. 1111111111111 111 111111 1116111111. 6111111111111111111
11111111 111 1111111111111 111 111 1111111111 111111111111111111111111111 11111111 1111111.
1111141111 111 1111111111 1111 1111111111. 11111111.

6) 1111111112 61 1111111111 111 11111111111111 61111111111111111111111111 11111.
1111111111 11111111 111 11111, 1111111111 1111111111 (11111111. 11111111.

1) 1111111111 1 61 11111111111111111116111111111.11111111.

i 8)1111111111111261 1111111111 111 111111 111111111111111111111, 1111 11111111 1111.

61111111 1 61111111111111111 6111111111 1111111111111111111111111111111111111·

,ωωΙΟξΒίῗίᾞηεη 261.111111111111111111.11161111111 11111111. 111 11111111 111111.

Quinta A. 6111111111 111111111111 111111111111 1111111.

· 1111111113 11. 111 1111111 11111111 111 111. 11111111. 11111111, 11. “
· 1111111111111111111111111111111111111111111111111). 111111. ⁶

 

